,2014/02/24,1492.29,1492.29,1458.17,1468.06,28884800
,2014/02/25,1469.26,1475.97,1437.01,1440.89,26171360
,2014/02/26,1434.86,1447.17,1429.61,1444.2,23252528
,2014/02/27,1449.14,1462.13,1437.64,1452.46,32468580
,2014/02/28,1447.77,1467.1,1437.31,1464.32,25940216
,2014/03/03,1459.86,1467.71,1452.14,1462.69,29839840
,2014/03/04,1458.68,1468.46,1448.69,1464.28,26258048
,2014/03/05,1466.01,1466.96,1445.67,1448.33,20358460
,2014/03/06,1446.57,1466.03,1435.94,1459.51,25216212
,2014/03/07,1456.09,1472.07,1451.71,1455.58,23460842
,2014/03/10,1442.98,1442.99,1407.49,1408.87,25305104
,2014/03/11,1406.07,1420.9,1403.31,1412.73,18897920
,2014/03/12,1408.05,1429.3,1403.28,1418.7,22718450
,2014/03/13,1425.84,1451.29,1421.69,1437.39,26479448
,2014/03/14,1429.78,1438.67,1416.68,1426.4,19666092
,2014/03/17,1435.27,1438.37,1421.42,1434.16,14989974
,2014/03/18,1437.54,1438.93,1425.74,1427.63,18024432
,2014/03/19,1422.34,1422.34,1406.55,1418.71,16022532
,2014/03/20,1415.67,1432.51,1406.26,1406.92,20559044
,2014/03/21,1402.81,1468.94,1402.18,1464.08,43418380
,2014/03/24,1468.81,1486.85,1462.18,1477.53,41906672
,2014/03/25,1473.18,1483.32,1464.54,1470.12,25581276
,2014/03/26,1476.25,1480.14,1462.57,1467.08,19912064
,2014/03/27,1464.17,1486.37,1450.45,1464.53,25860584
,2014/03/28,1465.03,1483.59,1463.53,1472.05,26014582
,2014/03/31,1473.15,1477.88,1457.83,1465.78,19574164
,2014/04/01,1463.71,1481.01,1461.18,1473.14,16689133
,2014/04/02,1475.94,1492.75,1473.83,1491.3,23380826
,2014/04/03,1498.11,1504.54,1476.02,1477.49,25966372
,2014/04/04,1471.49,1491.05,1469.7,1490.33,15880614
,2014/04/08,1488.65,1543.41,1488.06,1534.75,43360180
,2014/04/09,1535.21,1539.74,1525.1,1530.88,24623136
,2014/04/10,1532.22,1587.62,1522.49,1570.4,48526796
,2014/04/11,1568.24,1576.94,1557.51,1565.31,37400536
,2014/04/14,1562.19,1568.53,1547.86,1557.7,21017960
,2014/04/15,1550.43,1550.53,1521,1523.22,24074616
,2014/04/16,1519.24,1536.93,1518.43,1527.05,19120480
,2014/04/17,1533.07,1534.6,1517.05,1520.56,16258763
,2014/04/18,1513.68,1524.73,1503.64,1521.28,19374806
,2014/04/21,1510.18,1526.02,1493.25,1493.76,18973488
,2014/04/22,1492.08,1510.87,1487.77,1509.55,20505336
,2014/04/23,1504.54,1514.73,1502.64,1507.04,18647888
,2014/04/24,1506.59,1523.25,1504.19,1510.29,15914943
,2014/04/25,1516.69,1522.24,1500.6,1501.05,24027518
,2014/04/28,1499.69,1505.11,1481.71,1483.78,19552668
,2014/04/29,1484.01,1497.67,1478.51,1496.01,18788964
,2014/04/30,1499.12,1500.35,1491.44,1494.81,18873916
,2014/05/05,1490.1,1493.85,1473.03,1487.53,19579224
,2014/05/06,1484.01,1497.71,1480.67,1485.25,17532244
,2014/05/07,1481.94,1485.49,1475.31,1476.18,15912907
,2014/05/08,1474.73,1499.74,1471.65,1478.72,17262686
,2014/05/09,1482.32,1486.89,1474.52,1480.74,15391907
,2014/05/12,1492.63,1513.12,1483.46,1508.39,28201708
,2014/05/13,1507,1510.89,1498.4,1503.52,20104584
,2014/05/14,1504.42,1510.33,1498.61,1500.82,15282141
,2014/05/15,1499.22,1503.09,1487.1,1488.77,16133879
,2014/05/16,1489.5,1493.19,1480.83,1487.74,13466178
,2014/05/19,1482.04,1482.17,1454.41,1459.21,15755377
,2014/05/20,1466.05,1468.9,1456.44,1460.82,12435341
,2014/05/21,1454.49,1474.94,1447.94,1474.14,11916952
,2014/05/22,1472.34,1493.18,1469.42,1471.55,15512533
,2014/05/23,1472.41,1484.59,1471.23,1484.38,11885465
,2014/05/26,1493.34,1495.78,1480.69,1486.05,12091190
,2014/05/27,1484.82,1488.67,1478.31,1479.73,12501447
,2014/05/28,1479.5,1493.15,1474.85,1491.76,15571024
,2014/05/29,1492.66,1497.68,1483.81,1484.31,14290967
,2014/05/30,1485.1,1490.06,1478,1482.1,13602374
,2014/06/03,1482.44,1491.04,1476.74,1477.52,13040820
,2014/06/04,1478.2,1478.44,1459.53,1466.39,13653074
,2014/06/05,1465.54,1484.71,1463.04,1484.24,12765741
,2014/06/06,1484.52,1484.52,1464.53,1472.27,12020464
,2014/06/09,1466.64,1489.77,1466.15,1475.35,13456800
,2014/06/10,1479.87,1493.94,1474.2,1493.53,18966584
,2014/06/11,1489.37,1493.13,1483.51,1488.76,12992231
,2014/06/12,1486.89,1490.01,1481.83,1483.86,14076433
,2014/06/13,1483.58,1509.02,1483.44,1502.96,21900084
,2014/06/16,1503.66,1521.96,1501.33,1518.7,24038816
,2014/06/17,1512.46,1512.46,1500.33,1501.94,16461471
,2014/06/18,1501.19,1504.5,1493.72,1495.43,15523856
,2014/06/19,1496.66,1500.99,1473.67,1478.04,16938156
,2014/06/20,1475.94,1485.17,1474.44,1484.48,13385161
,2014/06/23,1483.66,1489.31,1474.93,1475.76,13056322
,2014/06/24,1471.73,1481.15,1470.59,1480.13,12659980
,2014/06/25,1477.09,1477.09,1466.4,1469.95,11714189
,2014/06/26,1471.65,1480.83,1471.61,1478.01,13039322
,2014/06/27,1475.72,1480.82,1468.21,1473.76,16320840
,2014/06/30,1475.72,1486.95,1475.72,1482.41,16568445
,2014/07/01,1486.79,1488.14,1476.39,1481.66,15197377
,2014/07/02,1481.33,1486.41,1476.58,1484.84,16722725
,2014/07/03,1481.85,1492.1,1479.06,1489.55,17188506
,2014/07/04,1489.82,1495.04,1489.46,1492.46,15844620
,2014/07/07,1493.07,1497.72,1488.51,1492.84,15969802
,2014/07/08,1491.72,1493.83,1484.13,1491.96,13725069
,2014/07/09,1490.94,1491.97,1474.87,1475.14,18727134
,2014/07/10,1475.18,1478.71,1468.73,1471.17,16574428
,2014/07/11,1462.35,1474.07,1460.91,1468.54,18217828
,2014/07/14,1468.69,1483,1466.41,1482.78,19829692
,2014/07/15,1481.11,1487.2,1478.44,1484.66,21572336
,2014/07/16,1482.33,1490.19,1480.6,1483.18,24542176
,2014/07/17,1479.12,1479.29,1468.38,1473.67,16484741
,2014/07/18,1466.58,1486.27,1464.75,1478.76,20901980
,2014/07/21,1478.73,1483.62,1474.8,1479.84,16760296
,2014/07/22,1476.23,1500.5,1475.6,1495.93,24840828
,2014/07/23,1495.25,1512.37,1494.93,1506.76,28578208
,2014/07/24,1508.98,1546.19,1508.98,1541.9,44311528
,2014/07/25,1546.52,1557.58,1541.3,1557.02,31206104
,2014/07/28,1566.33,1617.48,1566.33,1609.48,66664104
,2014/07/29,1610.91,1621.06,1601.98,1611.85,46806232
,2014/07/30,1606.72,1619.18,1598.26,1601.38,44338156
,2014/07/31,1602.67,1622.65,1597.27,1621.85,34743916
,2014/08/01,1616.79,1639.32,1607.56,1607.97,44267504
,2014/08/04,1614.9,1644.96,1608.31,1644.63,44540976
,2014/08/05,1644.23,1646.32,1622.03,1632.41,33190832
,2014/08/06,1624.03,1626.92,1602.99,1619.01,32836372
,2014/08/07,1619.2,1623,1592.04,1593.42,35582568
,2014/08/08,1595.19,1600.8,1586.09,1595.66,28411624
,2014/08/11,1601.31,1621.71,1600.68,1619.25,27728836
,2014/08/12,1615.14,1615.14,1601.56,1607.91,24999882
,2014/08/13,1609.46,1619.19,1596.22,1610.14,30104196
,2014/08/14,1610.39,1614.58,1595.17,1596.84,27945672
,2014/08/15,1598.52,1615.88,1593.22,1612,27406588
,2014/08/18,1614.23,1623.9,1607.44,1613.13,26290498
,2014/08/19,1614.39,1615.21,1598.06,1609.09,28400784
,2014/08/20,1605.5,1605.51,1596.96,1600.34,24108182
,2014/08/21,1599.55,1600.28,1576.32,1587.03,27277976
,2014/08/22,1585.11,1596.29,1583.61,1594.18,23953436
,2014/08/25,1594.71,1595.44,1575.71,1577.43,26501264
,2014/08/26,1575.78,1584.15,1568.74,1573.39,23621600
,2014/08/27,1573.52,1578.69,1569.98,1572.79,16419321
,2014/08/28,1573.53,1580.68,1563.4,1563.89,20790154
,2014/08/29,1570.4,1582.28,1565.52,1581.28,22012800
,2014/09/01,1582.02,1587.39,1576.22,1586.02,22132872
,2014/09/02,1588.62,1609.01,1581.14,1607.5,34680712
,2014/09/03,1609.3,1628.19,1608.95,1624.03,38409636
,2014/09/04,1626.91,1638.89,1621.24,1637.29,32700248
,2014/09/05,1643.28,1657.61,1641.11,1656.24,41870436
,2014/09/09,1657.61,1660.01,1642.44,1645.11,30664280
,2014/09/10,1637.49,1637.49,1626.11,1629.99,29300722
,2014/09/11,1627.96,1648.96,1619.48,1622.81,36456712
,2014/09/12,1619.05,1630.28,1614.54,1630.2,28468770
,2014/09/15,1625.87,1626.05,1614.23,1624.07,34391188
,2014/09/16,1626.39,1629.69,1598.86,1600.92,50454136
,2014/09/17,1607.16,1609.53,1596.54,1604.92,29895640
,2014/09/18,1601.5,1616.48,1596.71,1609.87,33474020
,2014/09/19,1609.86,1623.24,1604.71,1619.58,30389532
,2014/09/22,1613.81,1613.81,1580.97,1583.89,29978968
,2014/09/23,1584.29,1598.65,1584.16,1595.64,24024640
,2014/09/24,1589.35,1628.51,1586.7,1625.73,45332704
,2014/09/25,1633.44,1636.22,1613.53,1618.52,37502536
,2014/09/26,1613.91,1618.32,1605.53,1616.09,26200040
,2014/09/29,1621.09,1627.19,1613.79,1621.82,39204920
,2014/09/30,1623.04,1625.01,1615.07,1619.7,33379744
,2014/10/08,1625.26,1633.62,1614.5,1633.57,38780252
,2014/10/09,1633.54,1639.17,1624.22,1634.04,40357232
,2014/10/10,1626.58,1630.37,1616.67,1621.71,36843148
,2014/10/13,1614.2,1614.2,1593.66,1605.99,33876188
,2014/10/14,1603.35,1614.98,1595.25,1600.3,33006892
,2014/10/15,1599.9,1615.31,1593.39,1612.77,34583316
,2014/10/16,1602.38,1629.09,1599.16,1608.74,49694488
,2014/10/17,1608.98,1616.37,1592.7,1608.52,43252612
,2014/10/20,1613.8,1615.39,1606.12,1612.4,28673982
,2014/10/21,1612.1,1615.29,1599.86,1600.84,30366662
,2014/10/22,1602.45,1612.75,1596.14,1597.13,29282308
,2014/10/23,1595.82,1604.5,1584.62,1586.56,33975768
,2014/10/24,1587.91,1592.32,1580.71,1583.42,26883452
,2014/10/27,1572.89,1572.89,1556.55,1559.91,24731600
,2014/10/28,1562.75,1586.3,1562.75,1585.74,27577348
,2014/10/29,1591.28,1616.06,1586.17,1608.4,40004848
,2014/10/30,1607.48,1623.74,1602.55,1619.1,50078056
,2014/10/31,1623.65,1665.46,1623.32,1657.29,83294944
,2014/11/03,1662.75,1664.43,1646.43,1651.05,58947424
,2014/11/04,1648.11,1650.81,1639.68,1645.62,58389292
,2014/11/05,1645.29,1647.67,1632.72,1637.63,51813328
,2014/11/06,1639.93,1643.19,1625.99,1635.96,40193344
,2014/11/07,1637.14,1667.7,1633.03,1640.32,67293592
,2014/11/10,1671.23,1689.05,1657.14,1689.02,85562448
,2014/11/11,1701.22,1740.92,1693.25,1710.88,133757328
,2014/11/12,1699.2,1731.33,1693.38,1731.02,66017564
,2014/11/13,1734.17,1750.84,1720.73,1726.34,79968936
,2014/11/14,1719.58,1729.72,1706.83,1728.81,61248756
,2014/11/17,1758.99,1758.99,1706.94,1708.1,58158952
,2014/11/18,1709.14,1709.28,1676.44,1679.42,55117408
,2014/11/19,1675.84,1681.97,1667.9,1671.65,40782352
,2014/11/20,1667.14,1683.61,1662.72,1676.6,37440840
,2014/11/21,1676.4,1717.31,1669.18,1714.71,53649568
,2014/11/24,1729.27,1772.89,1722.71,1758.1,104986368
,2014/11/25,1757.68,1780.56,1752.38,1777.67,73081584
,2014/11/26,1786.93,1821.1,1786.56,1820.49,93444128
,2014/11/27,1834.25,1853.42,1825.35,1853,108472904
,2014/11/28,1853.55,1915.81,1846.15,1914.44,162358432
,2014/12/01,1936.81,1968.91,1916.63,1920.38,156151216
,2014/12/02,1910.37,2040.47,1909.37,2021.54,153263424
,2014/12/03,2031.13,2107.68,1999.73,2037.58,191690064
,2014/12/04,2043.47,2161.39,2032.41,2160.66,172271088
,2014/12/05,2201.82,2259.51,2115.42,2200.25,225317392
,2014/12/08,2187.5,2317.55,2160.49,2298.85,199081904
,2014/12/09,2283.16,2402.13,2149.6,2182.69,269266720
,2014/12/10,2198.84,2263.99,2111.88,2254.82,190027968
,2014/12/11,2211.54,2269.49,2190.25,2193.54,146047936
,2014/12/12,2186.74,2250.57,2176.32,2193.29,111528816
,2014/12/15,2170.28,2208.66,2139.47,2201.54,108687328
,2014/12/16,2205.88,2299.38,2195.5,2299.28,148175904
,2014/12/17,2326.85,2392.57,2307.18,2383.95,211362800
,2014/12/18,2389.84,2413.68,2343.74,2364.04,158621504
,2014/12/19,2366.45,2408.48,2304.61,2390.28,158438192
,2014/12/22,2393.04,2479.11,2375.91,2426.68,218155712
,2014/12/23,2392.61,2462.07,2360.72,2374.95,135946496
,2014/12/24,2381.41,2388.41,2238.65,2270.88,123596992
,2014/12/25,2295.22,2360.22,2263.42,2359.66,121259720
,2014/12/26,2365.03,2471.04,2357.67,2464.82,152092880
,2014/12/29,2533.99,2557.38,2437.75,2481.66,184581664
,2014/12/30,2481.08,2550.47,2464.43,2523.63,149464000
,2014/12/31,2529.57,2590.09,2507.94,2581.57,154675808
,2015/01/05,2612.85,2678.44,2583.55,2649.64,182425568
,2015/01/06,2616.29,2691.49,2591.83,2629.4,173440000
,2015/01/07,2608.88,2668.84,2598.89,2635.23,128317720
,2015/01/08,2647.82,2656.75,2551.82,2558.11,118367912
,2015/01/09,2554.29,2692.61,2540.34,2569.02,156209504
,2015/01/12,2565.74,2596.27,2499.87,2543.85,119183584
,2015/01/13,2537.98,2567.62,2512.86,2527.83,77079080
,2015/01/14,2539.25,2569.45,2508.66,2534.23,84122312
,2015/01/15,2534.77,2633.4,2516.61,2632.89,111923168
,2015/01/16,2642.74,2685.31,2626.82,2653.03,134951184
,2015/01/19,2448.93,2512.58,2399.44,2410.2,140163568
,2015/01/20,2381.14,2439.25,2355.26,2403.72,137476640
,2015/01/21,2425.26,2553.7,2414.89,2542.32,148800480
,2015/01/22,2546.7,2557.7,2504.07,2544.31,113708776
,2015/01/23,2556.92,2612.93,2543.46,2564.51,124551352
,2015/01/26,2563.91,2565.36,2528.08,2562.36,95979472
,2015/01/27,2570.43,2574.33,2473.81,2522.1,116542880
,2015/01/28,2497.05,2534.58,2476.28,2486.28,86356384
,2015/01/29,2444.4,2465.31,2419.99,2442.04,81404968
,2015/01/30,2456.05,2471.23,2400.63,2405.38,76591152
,2015/02/02,2337.2,2376.43,2329.15,2332.53,84676896
,2015/02/03,2362.41,2413.01,2335.11,2405.76,82274656
,2015/02/04,2412.75,2439.61,2370.57,2372.46,77531360
,2015/02/05,2456.38,2456.57,2348.45,2348.92,110713248
,2015/02/06,2335.36,2366.33,2303.11,2325.24,76931112
,2015/02/09,2319.24,2392.82,2311.8,2366.77,73903384
,2015/02/10,2363.16,2409.02,2355.14,2403.55,68862032
,2015/02/11,2408.08,2423.35,2395.2,2415.13,50538984
,2015/02/12,2415.14,2425.64,2384.49,2416.45,60662360
,2015/02/13,2426.95,2464.08,2415.43,2427.47,83793480
,2015/02/16,2427.17,2437.84,2413.6,2431.21,62608116
,2015/02/17,2437.69,2464.52,2437.69,2445.26,60010572
,2015/02/25,2448.2,2448.2,2395.53,2407.46,63987384
,2015/02/26,2401.14,2482.44,2382.69,2478.06,94707064
,2015/02/27,2476.49,2498.7,2466.83,2474.6,85651920
,2015/03/02,2495.57,2498.72,2459.42,2479.24,88052520
,2015/03/03,2462,2462,2395.83,2396.8,91274744
,2015/03/04,2403.86,2416.22,2378.93,2397.99,64295284
,2015/03/05,2379.73,2382.89,2344.95,2366.9,77773296
,2015/03/06,2370.89,2393.74,2366.02,2371.62,64804204
,2015/03/09,2352.22,2443.2,2321.26,2429.87,106195712
,2015/03/10,2413.84,2424.15,2390.6,2395.43,78435584
,2015/03/11,2401.26,2444.66,2399.54,2408.5,70074192
,2015/03/12,2444.42,2505.63,2423.43,2485.11,124778200
,2015/03/13,2494.35,2532.15,2477.4,2495.28,104205944
,2015/03/16,2512.35,2551.45,2485.29,2550.86,104132080
,2015/03/17,2576.41,2586.43,2556.47,2583.2,132092048
,2015/03/18,2595.74,2649.82,2592.26,2649.64,147958816
,2015/03/19,2649,2649,2613.76,2630.24,133595872
,2015/03/20,2642.8,2710.13,2617.06,2680.68,153754992
,2015/03/23,2700.16,2724.64,2690.48,2720.67,142091936
,2015/03/24,2719.51,2720.03,2649.62,2683.65,153617584
,2015/03/25,2674.35,2691.24,2626.66,2649.16,132270400
,2015/03/26,2637.53,2714.63,2621.45,2687.76,133442928
,2015/03/27,2693.19,2715.01,2664.86,2689.24,119869376
,2015/03/30,2716.43,2793.41,2704.8,2784.46,181383664
,2015/03/31,2826.63,2860.24,2744.93,2754.66,175833712
,2015/04/01,2758.96,2810.65,2751.37,2799.45,125281320
,2015/04/02,2821.21,2824.82,2746.3,2781.64,122184736
,2015/04/03,2771.03,2817.62,2764.35,2817.18,112969248
,2015/04/07,2854.41,2889.86,2838.89,2889.45,160139440
,2015/04/08,2907.58,2960.65,2879.97,2952.08,179853840
,2015/04/09,2973.81,3021.85,2914.7,2931.77,176764480
,2015/04/10,2925.93,2992.41,2911.46,2986.61,141215952
,2015/04/13,3040.01,3059.77,3016.97,3041.13,169339584
,2015/04/14,3057.41,3074.67,3013.31,3052.41,162300368
,2015/04/15,3054.02,3119.48,3039.25,3053.3,179025936
,2015/04/16,3045.85,3183.58,3033.25,3183.3,171967552
,2015/04/17,3251.98,3271.57,3216.21,3235.33,207659936
,2015/04/20,3267.85,3296.18,3146.84,3164.46,265976128
,2015/04/21,3163.29,3214.89,3135.22,3214.36,184427696
,2015/04/22,3219.7,3300.84,3204.44,3299.22,201738064
,2015/04/23,3311.07,3313.81,3245.76,3273.4,177137936
,2015/04/24,3226.38,3250.23,3161.97,3223.96,185135936
,2015/04/27,3257.97,3313.25,3257.97,3308.45,200266976
,2015/04/28,3309.53,3370.03,3255.77,3282.33,266042864
,2015/04/29,3268.52,3304.71,3243.54,3283.28,146666288
,2015/04/30,3290.58,3309.42,3249.25,3250.49,146288272
,2015/05/04,3250.12,3273.15,3204.31,3272,133270952
,2015/05/05,3266.81,3270.96,3132.94,3148.81,170607776
,2015/05/06,3175.89,3244.6,3110.11,3139.02,147991136
,2015/05/07,3116.79,3142.14,3093.73,3094.88,109440928
,2015/05/08,3126,3138.66,3045.01,3110.45,103278168
,2015/05/11,3112.24,3169.87,3075.2,3169.13,133766656
,2015/05/12,3162.67,3200.18,3136.46,3188.31,130813056
,2015/05/13,3188.06,3188.96,3122.34,3141.3,117305504
,2015/05/14,3136.13,3153.75,3107.68,3128.57,105338704
,2015/05/15,3122.89,3124.61,3044.85,3060.41,109993192
,2015/05/18,3032.71,3045.59,2997.13,2998.39,87041728
,2015/05/19,2996.84,3127,2996.72,3116.09,111206624
,2015/05/20,3127.57,3181.54,3105.63,3122.85,124557328
,2015/05/21,3132.34,3156.49,3111,3150.9,94755784
,2015/05/22,3180.39,3249.52,3170.45,3248.86,150021104
,2015/05/25,3263.96,3350.52,3263.96,3349.95,158585712
,2015/05/26,3382.76,3390.29,3320.15,3386.59,147894688
,2015/05/27,3390.98,3404.76,3327.24,3344.74,147470544
,2015/05/28,3336.7,3350.22,3120.97,3124.62,178255200
,2015/05/29,3127.64,3161.58,3036.96,3111.33,133784400
,2015/06/01,3114.79,3250.6,3082.16,3244.32,141023376
,2015/06/02,3240.8,3269.22,3201.22,3258.31,134800528
,2015/06/03,3251.91,3259.71,3193.54,3238.43,128306976
,2015/06/04,3244.46,3316.5,3113.22,3299.03,184567936
,2015/06/05,3349.57,3365.59,3234.25,3303.99,188145648
,2015/06/08,3333.83,3469.22,3308.3,3458.71,248254048
,2015/06/09,3494.82,3494.82,3376.02,3414,220448560
,2015/06/10,3362.81,3415.28,3338.68,3370.38,155294688
,2015/06/11,3369,3383.49,3313.59,3347.12,138073856
,2015/06/12,3364.44,3374.81,3319.2,3350.25,145262256
,2015/06/15,3359.71,3366.84,3254.62,3262.48,167322560
,2015/06/16,3233.15,3275.47,3149.08,3179.65,155969904
,2015/06/17,3198.14,3222.44,3144.49,3211.71,159571568
,2015/06/18,3183.23,3183.23,3067.48,3068.49,137345040
,2015/06/19,3030.22,3067.82,2900.79,2903.06,131783920
,2015/06/23,2907.07,3007.63,2822.47,3003.16,135617648
,2015/06/24,3009.77,3052.11,2962.65,3045.24,141585888
,2015/06/25,3069.4,3082.56,2929.11,2943.99,160158304
,2015/06/26,2875.12,2953.96,2678.77,2736.7,183355808
,2015/06/29,2802.77,2822.11,2530.83,2678.37,212018720
,2015/06/30,2678.63,2872.51,2628,2870.03,219592304
,2015/07/01,2823.94,2872.91,2721.48,2736.85,169957696
,2015/07/02,2767.99,2805.67,2611.86,2714.25,209045760
,2015/07/03,2674.56,2738.66,2511.16,2582.27,184361920
,2015/07/06,2807.75,2807.75,2649.56,2750,344834272
,2015/07/07,2682.5,2825.49,2612.11,2812.45,350314784
,2015/07/08,2596.71,2760.52,2546.46,2608.98,377459392
,2015/07/09,2575.34,2828.75,2493.64,2781.08,271176768
,2015/07/10,2749.12,2997.6,2717.71,2898.41,296251840
,2015/07/13,2855.7,2949.2,2805.91,2869.05,233341056
,2015/07/14,2821.97,2843.25,2717.03,2763.07,194368416
,2015/07/15,2725.92,2779.95,2665.95,2757.95,185948032
,2015/07/16,2754.83,2780,2708.72,2742.85,135246160
,2015/07/17,2756.87,2834.18,2723.74,2807.06,130241112
,2015/07/20,2798.56,2815.7,2766.94,2783.76,130862496
,2015/07/21,2757.66,2799.82,2743.15,2772.77,115826576
,2015/07/22,2757.28,2771,2721.35,2739.79,106654528
,2015/07/23,2741.42,2796.37,2736.38,2790.76,113582040
,2015/07/24,2794.05,2807.62,2735.3,2741.04,123928912
,2015/07/27,2698.8,2715.36,2491.12,2493.29,136645104
,2015/07/28,2427.03,2531.23,2400.87,2485.67,140338848
,2015/07/29,2496.9,2535.6,2459.08,2531.44,93078152
,2015/07/30,2525.08,2548.27,2459.92,2467.37,86949824
,2015/07/31,2452.05,2490.66,2432.49,2461.24,74725376
,2015/08/03,2433.24,2479.95,2419.85,2479.72,88073408
,2015/08/04,2476.16,2535.28,2462.73,2534.71,66032316
,2015/08/05,2529.13,2537.35,2485.6,2487.06,62889672
,2015/08/06,2452.53,2505.53,2446.96,2467.52,47800048
,2015/08/07,2489.81,2520.04,2479.25,2503.8,57563240
,2015/08/10,2527.62,2626.36,2517.95,2617.66,109626616
,2015/08/11,2612.95,2623.84,2578.65,2590.71,99584256
,2015/08/12,2562.68,2598.51,2557.26,2561.13,75352528
,2015/08/13,2562.87,2585.92,2522.35,2580.78,70080744
,2015/08/14,2588.43,2592.17,2565.59,2577.04,72941568
,2015/08/17,2560.37,2561.96,2524.13,2550.47,71133816
,2015/08/18,2554.08,2572.21,2405.83,2407.97,101248712
,2015/08/19,2379.21,2431.61,2326.24,2430.28,90485320
,2015/08/20,2406.57,2421.03,2356.33,2356.92,68346856
,2015/08/21,2336.45,2362.84,2261.31,2271.36,78467552
,2015/08/24,2195.46,2203.63,2046.84,2058.25,115420384
,2015/08/25,1947.14,2044.56,1890.38,1914.05,118569576
,2015/08/26,1930.2,2028.4,1874.22,1942.45,124111792
,2015/08/27,1989.59,2095.46,1957.74,2094.72,116585472
,2015/08/28,2120.36,2167.9,2097.78,2159.96,115299856
,2015/08/31,2135.6,2214.11,2071.41,2210.45,117193056
,2015/09/01,2155.96,2239.46,2103.48,2230.32,158310336
,2015/09/02,2143.24,2248.77,2137.19,2243.63,166061440
,2015/09/07,2215.18,2247.44,2127.48,2133.98,85672056
,2015/09/08,2115.9,2185.4,2084.03,2180.13,61980416
,2015/09/09,2186.37,2225.27,2175.77,2211.2,76962976
,2015/09/10,2183.61,2218.14,2175.37,2208.48,53035320
,2015/09/11,2199.58,2218.82,2180.23,2195.39,36221968
,2015/09/14,2205.71,2228.96,2126.29,2228.15,84785360
,2015/09/15,2179.24,2188.36,2142.02,2175.17,55484328
,2015/09/16,2161.01,2277.58,2142.2,2241.95,56026548
,2015/09/17,2223.4,2260.85,2194.03,2194.82,55842888
,2015/09/18,2204.58,2226.75,2192.27,2198.99,36074300
,2015/09/21,2185.08,2220.02,2176.66,2214.45,36901512
,2015/09/22,2217.78,2259.07,2210.49,2237.31,42563768
,2015/09/23,2208.25,2219.24,2174.92,2178.55,34234548
,2015/09/24,2190.31,2198.49,2170.68,2188.09,25074852
,2015/09/25,2180.29,2191.36,2150.02,2183.4,35992008
,2015/09/28,2169.15,2175.97,2145.75,2169.94,20268618
,2015/09/29,2139.8,2145.99,2114.3,2127.2,25482560
,2015/09/30,2138.15,2161.71,2133.88,2146.12,25026924
,2015/10/08,2231.02,2231.24,2189.99,2191.34,39255632
,2015/10/09,2202.13,2226.42,2195.16,2219.29,33135222
,2015/10/12,2223.33,2308.19,2220.63,2283.43,62354544
,2015/10/13,2268.76,2282.04,2259.27,2270.95,36904536
,2015/10/14,2263.59,2284.62,2252.38,2253.91,41961464
,2015/10/15,2254.4,2297.96,2252.33,2297.9,46942188
,2015/10/16,2310.35,2328.3,2301.49,2323.78,60168476
,2015/10/19,2329.4,2346.35,2303.17,2318.47,53225380
,2015/10/20,2312.53,2337.8,2297.75,2337.08,46698904
,2015/10/21,2338.71,2369.37,2268.82,2340.36,97671720
,2015/10/22,2306.07,2337.4,2297.05,2331.79,54651780
,2015/10/23,2334.54,2350.12,2319.77,2343.96,48854812
,2015/10/26,2366.84,2381.71,2340.5,2350.02,52798208
,2015/10/27,2343.87,2353.65,2302.09,2349.9,46643220
,2015/10/28,2338.39,2342.45,2308.55,2310.7,40939160
,2015/10/29,2317.48,2323.45,2301.37,2307.35,29257580
,2015/10/30,2307.76,2336.04,2298.97,2312.97,37173556
,2015/11/02,2291.25,2310.83,2279.47,2280.09,33098994
,2015/11/03,2283.8,2294.42,2265.67,2271.65,27317118
,2015/11/04,2277.2,2374.02,2277.2,2370.5,62000308
,2015/11/05,2368.61,2503.65,2365.85,2440.65,148745216
,2015/11/06,2430.65,2501.4,2427.28,2493.48,102199296
,2015/11/09,2501.73,2592.19,2501.73,2534.08,133190840
,2015/11/10,2504.25,2559.83,2498.46,2522.68,90872224
,2015/11/11,2516.35,2517.51,2474.04,2505.83,66089396
,2015/11/12,2513.11,2513.7,2466.29,2476.43,58391260
,2015/11/13,2454.18,2481.18,2444.2,2447.77,55930736
,2015/11/16,2410.04,2447.5,2407.94,2447.29,42344112
,2015/11/17,2462.22,2514.46,2449.74,2453.26,68244704
,2015/11/18,2455.58,2473.45,2433.46,2439.45,59872624
,2015/11/19,2444.88,2469.01,2436.9,2468.49,41949232
,2015/11/20,2469.7,2483.89,2458.78,2466.76,48099424
,2015/11/23,2465.81,2485.42,2451.55,2456.84,44090328
,2015/11/24,2449.97,2452.35,2421.39,2447.9,40952416
,2015/11/25,2441.73,2460.18,2430.35,2459.56,42602900
,2015/11/26,2468.52,2481.39,2450.1,2450.96,44936628
,2015/11/27,2438.18,2439.7,2320.07,2334.44,55953596
,2015/11/30,2325.07,2347.84,2280.68,2336.29,52561628
,2015/12/01,2334.14,2365.15,2314.79,2344.83,41934912
,2015/12/02,2341.43,2463.9,2337.03,2458.41,81676936
,2015/12/03,2441.91,2481.54,2422.56,2461.45,81744000
,2015/12/04,2438.39,2442.25,2392.88,2397.56,47838540
,2015/12/07,2398.09,2404.91,2379.55,2395.58,29174396
,2015/12/08,2381.68,2386.28,2356.93,2364.34,33813696
,2015/12/09,2357.88,2386.28,2356.94,2369.74,28420592
,2015/12/10,2369.59,2402.69,2353.22,2357.21,31997618
,2015/12/11,2346.86,2357.08,2324.63,2342.45,31590448
,2015/12/14,2319.2,2418.56,2316.9,2414.92,47486652
,2015/12/15,2408.15,2410.09,2377.07,2383.83,34608352
,2015/12/16,2389.25,2394.17,2371.43,2376.54,28490924
,2015/12/17,2391.4,2424.9,2386.09,2408.32,44035120
,2015/12/18,2405.86,2466.35,2404.15,2422.83,53967336
,2015/12/21,2415.63,2513.49,2414.84,2500.06,73671088
,2015/12/22,2499.66,2506.87,2477.67,2496.05,51248804
,2015/12/23,2497.37,2550.9,2492.43,2503.06,68188856
,2015/12/24,2498.77,2505.7,2451.45,2481.75,48303840
,2015/12/25,2483.66,2496.84,2474.33,2492.34,29623024
,2015/12/28,2498.78,2502.33,2411.21,2411.41,48200592
,2015/12/29,2408.93,2435.62,2405.17,2432.88,27597306
,2015/12/30,2432.18,2434.52,2399.92,2432.77,28420662
,2015/12/31,2426.81,2437.72,2409.76,2420.8,29972722
,2016/01/04,2417.02,2417.02,2269.97,2270.46,34620852
,2016/01/05,2230.08,2309.59,2223.05,2288.11,48075960
,2016/01/06,2284.92,2321.17,2274.47,2317.65,38088820
,2016/01/07,2281.88,2281.93,2171.32,2180.59,11081575
,2016/01/08,2225.48,2257.41,2154.58,2219.61,51525932
,2016/01/11,2182.85,2202.32,2119.7,2120.23,48483504
,2016/01/12,2135.94,2151.4,2115.36,2131.37,35144376
,2016/01/13,2152.72,2157.51,2104.93,2105.51,32024944
,2016/01/14,2056.41,2136.06,2052.3,2132.08,36630964
,2016/01/15,2119.56,2128.95,2058.7,2070.93,34641624
,2016/01/18,2040.41,2092.4,2039.05,2069.27,26806096
,2016/01/19,2075.19,2135.36,2060.28,2128.57,37222168
,2016/01/20,2115.13,2124.15,2076.16,2088.72,39221144
,2016/01/21,2069.39,2112.73,2040.53,2040.98,34354516
,2016/01/22,2062.63,2074.17,2026.27,2061.96,27065196
,2016/01/25,2067.56,2074.9,2049.25,2065.44,21741074
,2016/01/26,2046.04,2050.45,1944.91,1951.61,37751436
,2016/01/27,1961.4,1972.16,1908.04,1953.46,39302664
,2016/01/28,1943.83,1960.95,1900.35,1912.72,29716552
,2016/01/29,1915.13,1986.72,1914.4,1973.01,38242876
,2016/02/01,1970.21,1973.1,1917.24,1937.07,27335160
,2016/02/02,1935.22,1978.29,1934.91,1969.62,26156540
,2016/02/03,1947.83,1955.09,1929.81,1952.37,21970080
,2016/02/04,1962.87,1983.25,1960.13,1974.24,25020304
,2016/02/05,1970.69,1979.39,1962.23,1967.26,20455796
,2016/02/15,1916.42,1958.22,1914.49,1948.28,18893232
,2016/02/16,1957.91,2005.42,1957.54,2000.9,30607292
,2016/02/17,1997.68,2020.08,1993.89,2014.44,34373548
,2016/02/18,2022.55,2034.16,2007.22,2009.27,30938608
,2016/02/19,2005.41,2013.78,1993.05,2004.11,21639290
,2016/02/22,2025.18,2064.61,2016.36,2053.86,39059284
,2016/02/23,2051.57,2051.57,2013.98,2029.52,26876192
,2016/02/24,2020.59,2041.88,2009.35,2041.39,26228916
,2016/02/25,2038.16,2038.18,1925.2,1932.6,42459564
,2016/02/26,1946.96,1965.91,1930,1955.4,26306764
,2016/02/29,1951.68,1953.32,1891.1,1944.61,39161584
,2016/03/01,1944.56,1988.57,1931.98,1973.19,29595860
,2016/03/02,1980.46,2045.82,1979.17,2043.41,50978800
,2016/03/03,2043.37,2057.16,2031.54,2053.27,45476672
,2016/03/04,2045.12,2128.57,2040.08,2122.27,85953128
,2016/03/07,2122.55,2133.56,2097.78,2107.67,40058732
,2016/03/08,2102.25,2118.04,2037.29,2115.16,39003356
,2016/03/09,2073.27,2112.86,2053.84,2111.92,38083288
,2016/03/10,2089.86,2102.99,2060.06,2061.45,20872980
,2016/03/11,2043.25,2071.09,2039.59,2070.72,24443460
,2016/03/14,2079.91,2117.83,2071.12,2078.41,35114616
,2016/03/15,2077.51,2105.04,2055.32,2101.12,34647132
,2016/03/16,2087.28,2142.16,2084.77,2136.13,60381576
,2016/03/17,2135.06,2156.89,2113.44,2131.48,38077904
,2016/03/18,2140.27,2165.15,2131.38,2141.18,62257624
,2016/03/21,2156.95,2214.64,2154.49,2193.39,78264664
,2016/03/22,2181.98,2196.37,2167.43,2173.26,50531244
,2016/03/23,2170.16,2186.02,2159.46,2175.28,35247664
,2016/03/24,2161.17,2161.17,2137.19,2137.59,33879928
,2016/03/25,2137.15,2156.8,2135.53,2149.2,22781048
,2016/03/28,2152.81,2166.92,2116.98,2123.03,25905906
,2016/03/29,2127.8,2133.81,2100.92,2106.86,25654604
,2016/03/30,2124.53,2160.5,2124.09,2157.53,35633828
,2016/03/31,2166.42,2171.79,2149.24,2156.54,32281836
,2016/04/01,2156.78,2168.33,2124.13,2167.78,34903896
,2016/04/05,2151.37,2186.92,2147.09,2180.26,38874520
,2016/04/06,2167.45,2176.9,2156.52,2168.04,28349678
,2016/04/07,2174.88,2177.12,2138.33,2139.4,25833044
,2016/04/08,2125.45,2132.73,2114.26,2123.8,22822748
,2016/04/11,2140.56,2167.65,2140.56,2148.44,30212504
,2016/04/12,2147.81,2150.57,2135.29,2143.9,19392198
,2016/04/13,2157.21,2197.74,2157.21,2171.31,51114468
,2016/04/14,2183.12,2190.87,2166.63,2178.87,24878856
,2016/04/15,2182.11,2190.73,2172.97,2182.07,23818860
,2016/04/18,2166,2168.9,2154.38,2158.23,24410918
,2016/04/19,2169.89,2173.09,2156.18,2163.61,18390650
,2016/04/20,2166.28,2169.65,2093.82,2154.89,47565256
,2016/04/21,2138.29,2171.45,2129.91,2147.72,30628952
,2016/04/22,2135.92,2161.8,2133.81,2157.72,20198568
,2016/04/25,2149.25,2156.53,2130.3,2148.28,17156072
,2016/04/26,2146.41,2163.24,2140.57,2155.79,15444290
,2016/04/27,2157.86,2159.13,2143.9,2145.38,14520801
,2016/04/28,2149.07,2155.57,2131.86,2142.06,17358106
,2016/04/29,2136.84,2146.32,2134.19,2135.51,15948538
,2016/05/03,2136.2,2167.73,2131.38,2158.27,25815216
,2016/05/04,2152.43,2159.65,2147.76,2152.93,17426892
,2016/05/05,2149.47,2155.47,2145.11,2152.88,14777452
,2016/05/06,2152.5,2153.87,2106.44,2107.01,24642276
,2016/05/09,2100.64,2100.64,2064.69,2072.47,24022252
,2016/05/10,2061.99,2084.7,2061.99,2072.38,17165746
,2016/05/11,2078.29,2089.12,2068.65,2078.41,18058632
,2016/05/12,2067.75,2089.65,2055.51,2084.84,17927530
,2016/05/13,2079.64,2089.84,2072.26,2076.19,15287869
,2016/05/16,2068.92,2082.86,2064.68,2082.62,13579244
,2016/05/17,2081.57,2083.85,2069.27,2075.47,14850963
,2016/05/18,2067.72,2081.85,2053.72,2078.76,23037112
,2016/05/19,2072.37,2083.13,2069.9,2073.8,14050006
,2016/05/20,2067.46,2083.51,2064.44,2083.12,13890172
,2016/05/23,2082.97,2095.17,2077.94,2082.41,14479211
,2016/05/24,2080.01,2080.07,2062.5,2066.64,13104443
,2016/05/25,2079.48,2084.13,2068.68,2071.91,11284997
,2016/05/26,2070.24,2083.06,2062.17,2076.14,13126512
,2016/05/27,2075.21,2080.49,2069.52,2074.92,10577492
,2016/05/30,2076.93,2093.77,2065.64,2092.16,17714384
,2016/05/31,2092.22,2158.12,2092.22,2155.66,40651744
,2016/06/01,2155.5,2158.72,2138.56,2138.96,25473324
,2016/06/02,2138.21,2144.32,2129.94,2137.65,16356666
,2016/06/03,2146.56,2157.07,2135.53,2152.64,20526152
